../data/a280-tsp.txt: 280 (171, 172, 0.0)
../data/ali535-tsp.txt: 535 (96, 180, 0.0)
../data/att48-tsp.txt: 48 (19, 37, 131.46862743635836)
../data/att532-tsp.txt: 532 (227, 228, 3.1622776601683795)
../data/berlin52-tsp.txt: 52 (35, 36, 15.0)
../data/bier127-tsp.txt: 127 (6, 106, 116.0)
../data/brd14051-tsp.txt: 14051 (395, 396, 1.0)
../data/burma14-tsp.txt: 14 (9, 11, 0.23000000000000043)
../data/ch130-tsp.txt: 130 (87, 12, 0.6601809903932513)
../data/ch150-tsp.txt: 150 (147, 49, 1.649216924729638)
../data/close-pairs-1-in.txt: 2 (romeo, juliet, 1.0)
../data/close-pairs-2-in.txt: 3 (romeo, juliet, 10.0)
../data/close-pairs-3-in.txt: 3 (romeo, juliet, 1.0)
../data/close-pairs-4-in.txt: 4 (romeo, juliet, 1.0)
../data/close-pairs-5-in.txt: 4 (romeo, juliet, 1.0)
../data/close-pairs-6-in.txt: 20002 (romeo, juliet, 1.0)
../data/d1291-tsp.txt: 1291 (290, 291, 24.999999999999773)
../data/d15112-tsp.txt: 15112 (220, 5600, 12.041594578792296)
../data/d1655-tsp.txt: 1655 (138, 139, 25.399999999999636)
../data/d18512-tsp.txt: 18512 (395, 396, 1.0)
../data/d198-tsp.txt: 198 (67, 70, 22.936869882353186)
../data/d2103-tsp.txt: 2103 (1273, 1310, 20.017242567346837)
../data/d493-tsp.txt: 493 (195, 193, 17.96051224213805)
../data/d657-tsp.txt: 657 (77, 84, 17.96051224213805)
../data/dsj1000-tsp.txt: 1000 (983, 637, 679.9088174159826)
../data/eil101-tsp.txt: 101 (37, 98, 1.4142135623730951)
../data/eil51-tsp.txt: 51 (46, 51, 2.23606797749979)
../data/eil76-tsp.txt: 76 (34, 46, 2.23606797749979)
../data/fl1400-tsp.txt: 1400 (331, 492, 4.1719300090003735)
../data/fl1577-tsp.txt: 1577 (92, 82, 8.35093407949055)
../data/fl3795-tsp.txt: 3795 (202, 24, 4.1719300090003735)
../data/fl417-tsp.txt: 417 (146, 122, 8.35093407949055)
../data/fnl4461-tsp.txt: 4461 (4, 5, 10.0)
../data/gil262-tsp.txt: 262 (5, 133, 1.0)
../data/gr137-tsp.txt: 137 (124, 123, 0.7280109889280534)
../data/gr202-tsp.txt: 202 (109, 110, 0.03999999999999915)
../data/gr229-tsp.txt: 229 (69, 68, 0.3712142238654163)
../data/gr431-tsp.txt: 431 (109, 110, 0.03999999999999915)
../data/gr666-tsp.txt: 666 (0195, 0194, 0.02236067977499742)
../data/gr96-tsp.txt: 96 (57, 56, 0.02236067977499742)
../data/kroA100-tsp.txt: 100 (17, 15, 13.038404810405298)
../data/kroA150-tsp.txt: 150 (15, 17, 13.038404810405298)
../data/kroA200-tsp.txt: 200 (175, 10, 10.295630140987)
../data/kroB100-tsp.txt: 100 (49, 86, 26.0)
../data/kroB150-tsp.txt: 150 (127, 51, 8.06225774829855)
../data/kroB200-tsp.txt: 200 (91, 129, 5.0)
../data/kroC100-tsp.txt: 100 (73, 3, 17.72004514666935)
../data/kroD100-tsp.txt: 100 (87, 26, 11.661903789690601)
../data/kroE100-tsp.txt: 100 (15, 20, 22.135943621178654)
../data/lin105-tsp.txt: 105 (1, 2, 31.0)
../data/lin318-tsp.txt: 318 (1, 2, 31.0)
../data/linhp318-tsp.txt: 318 (1, 2, 31.0)
../data/nrw1379-tsp.txt: 1379 (976, 973, 2.8284271247461903)
../data/p654-tsp.txt: 654 (107, 111, 15.0)
../data/pcb1173-tsp.txt: 1173 (1111, 1118, 1.0)
../data/pcb3038-tsp.txt: 3038 (901, 922, 1.0)
../data/pcb442-tsp.txt: 442 (376, 377, 50.0)
../data/pla33810-tsp.txt: 33810 (32649, 32912, 930.3897032964197)
../data/pla7397-tsp.txt: 7397 (490, 2410, 930.3897032964197)
../data/pla85900-tsp.txt: 85900 (79661, 79140, 728.0109889280518)
../data/pr1002-tsp.txt: 1002 (140, 141, 100.0)
../data/pr107-tsp.txt: 107 (1, 3, 200.0)
../data/pr124-tsp.txt: 124 (42, 41, 150.0)
../data/pr136-tsp.txt: 136 (17, 19, 170.0)
../data/pr144-tsp.txt: 144 (3, 4, 100.0)
../data/pr152-tsp.txt: 152 (76, 74, 75.23961722390672)
../data/pr226-tsp.txt: 226 (155, 156, 100.0)
../data/pr2392-tsp.txt: 2392 (2148, 2147, 1.0)
../data/pr264-tsp.txt: 264 (1, 40, 100.0)
../data/pr299-tsp.txt: 299 (41, 43, 1.0)
../data/pr439-tsp.txt: 439 (395, 394, 90.13878188659973)
../data/pr76-tsp.txt: 76 (76, 75, 300.0)
../data/rat195-tsp.txt: 195 (190, 189, 6.324555320336759)
../data/rat575-tsp.txt: 575 (372, 395, 2.0)
../data/rat783-tsp.txt: 783 (408, 409, 1.0)
../data/rat99-tsp.txt: 99 (39, 48, 4.123105625617661)
../data/rd100-tsp.txt: 100 (46, 50, 4.796664361824801)
../data/rd400-tsp.txt: 400 (267, 172, 1.1739771249901285)
../data/rl11849-tsp.txt: 11849 (1631, 6676, 9.0)
../data/rl1304-tsp.txt: 1304 (1203, 1275, 32.0)
../data/rl1323-tsp.txt: 1323 (538, 1261, 48.0)
../data/rl1889-tsp.txt: 1889 (1356, 1686, 32.0)
../data/rl5915-tsp.txt: 5915 (4844, 4183, 32.0)
../data/rl5934-tsp.txt: 5934 (5325, 5331, 9.0)
../data/st70-tsp.txt: 70 (21, 34, 1.0)
../data/sw24978-tsp.txt: 24978 (2144, 2209, 0.2776999999987311)
../data/ts225-tsp.txt: 225 (1, 2, 500.0)
../data/tsp225-tsp.txt: 225 (202, 30, 6.5)
../data/u1060-tsp.txt: 1060 (192, 191, 70.68239950652483)
../data/u1432-tsp.txt: 1432 (1218, 1219, 100.0)
../data/u159-tsp.txt: 159 (153, 152, 100.0)
../data/u1817-tsp.txt: 1817 (1783, 1784, 25.389999999999873)
../data/u2152-tsp.txt: 2152 (85, 86, 25.389999999999873)
../data/u2319-tsp.txt: 2319 (8, 9, 100.0)
../data/u574-tsp.txt: 574 (490, 492, 2.941598205057742)
../data/u724-tsp.txt: 724 (446, 445, 3.3199999999999363)
../data/ulysses16-tsp.txt: 16 (12, 13, 0.3883297567789516)
../data/ulysses22-tsp.txt: 22 (20, 21, 0.08944271909999127)
../data/usa13509-tsp.txt: 13509 (3075, 3076, 2.7770000000018626)
../data/vm1084-tsp.txt: 1084 (52, 538, 22.0)
../data/vm1748-tsp.txt: 1748 (846, 833, 22.0)
../data/wc-instance-1022.txt: 1022 (337, 1005, 1.0)
../data/wc-instance-126.txt: 126 (91, 122, 1.0)
../data/wc-instance-14.txt: 14 (9, 11, 1.0)
../data/wc-instance-16382.txt: 16382 (1043, 11670, 1.0)
../data/wc-instance-2.txt: 2 (1, 0, 1.0)
../data/wc-instance-254.txt: 254 (16, 29, 1.0)
../data/wc-instance-30.txt: 30 (9, 11, 1.0)
../data/wc-instance-4094.txt: 4094 (2802, 3953, 1.0)
../data/wc-instance-6.txt: 6 (0, 4, 1.0)
../data/wc-instance-62.txt: 62 (11, 24, 1.0)
../data/wc-instance-65534.txt: 65534 (14974, 35326, 1.0)
